0
0
0
1
3
2
2
6
4
3
9
6
4
12
8
5
15
10
6
18
12
7
21
14
8
24
16
9
27
18
10
30
20
11
33
22
12
36
24
13
39
26
14
42
28
15
45
30
16
48
32
17
51
34
18
54
36
19
57
38
20
60
40
21
63
42
22
66
44
23
69
46
24
72
48
25
75
50
26
78
52
27
81
54
28
84
56
29
87
58
30
90
60
31
93
62
32
96
64
33
99
66
34
102
68
35
105
70
36
108
72
37
111
74
38
114
76
39
117
78
40
120
80
41
123
82
42
126
84
43
129
86
44
132
88
45
135
90
46
138
92
47
141
94
48
144
96
49
147
98
50
150
100
51
153
102
52
156
104
53
159
106
54
162
108
55
165
110
56
168
112
57
171
114
58
174
116
59
177
118
60
180
120
61
183
122
62
186
124
63
189
126
64
192
128
65
195
130
66
198
132
67
201
134
68
204
136
69
207
138
70
210
140
71
213
142
72
216
144
73
219
146
74
222
148
75
225
150
76
228
152
77
231
154
78
234
156
79
237
158
80
240
160
81
243
162
82
246
164
83
249
166
84
252
168
85
255
170
86
258
172
87
261
174
88
264
176
89
267
178
90
270
180
91
273
182
92
276
184
93
279
186
94
282
188
95
285
190
96
288
192
97
291
194
98
294
196
99
297
198